fac_a <- rep(rep(c(0, 4, 8), c(4, 4, 4)), 2)
fac_b <- rep(c(3, 10), c(12, 12))
fac_a <- factor(fac_a)
fac_b <- factor(fac_b)
y <- c(15.7, 14.6, 16.5, 14.7,
				9.8, 14.6, 11.9, 12.4,
				7.9, 10.3, 9.7, 9.6,
				18.0,	17.4, 15.1, 14.4,
				13.6,	10.6, 11.8, 13.3,
				8.8, 8.2, 11.3, 11.2)

